11111111111111111111111100000000
00000000000000000000000000000000
00111111111000000000000000000000
11111111111111111111111100000000
01111111111111111111111110000000
00111111111111000000000000000000
11111111111111111111111100000000
01111111111111111111111110000000
00111111111111000000000000000000
11111111111111111111111100000000
01111111111111111111111110000000
00111111111111000000000000000000
11111111111111111111111100000000
01111111111111111111111110000000
00111111111111000000000000000000
11111111111111111111111100000000
01111111111111111111111110000000
00111111111111000000000000000000
11111111111111111111111100000000
01111111111111111111111110000000
00111111111111000000000000000000
11111111111111111111111100000000
00001111111111111111111110000000
00111111111111000000000000000000
11111111111111111111111100000000
00000000000000000000000000000000
00000000000000000000000000000000
11111111111111111111111100000000
00000000000000000000000000000000
00000000000000000000000000000000
11111111111111111111111111100000
00000000000000000000000000000000

